2
11111111111111111111
11100111111111111111
12550611111111111111
11116111111111111111
11111111111111111111
11111111111111111111
11111111111111111111
11111111111111111111
11111111111111111111
11111111111111111111
11111111111111111111
11111111111111111111
11111111111111111111
11111111111111111111
11111111111111111111
-----------------------------------------
11111111111111111111
10000000000000000001
10060000000000006101
10000000000000010101
10000000000003000401
10000000000000000001
10000000000000000001
10000000000000000001
10000000000000000001
10500000000000050001
10200000000000000001
10000000000000000001
10000000000000000001
10000000000000000001
11111111111111111111
-----------------------------------------
